220803124863114351628293340094424666606306549710763421454716732502783231928 
85962771397540931321628034570658387143832816316271413578226471985943626 
236386578271654057436925939764935153566167921856206222330669781099732718346 
138697181564703657663709881236661861133074537421732169878019588620815203079 
164893550186809893484471909204199873463169533221406079051561299788554502324 
263946569956506061456943402540835840444834190362930439837576456339984676462 
164893550186809893484471909204199873463169533221406079051561299788554502324 
282276546473261019801616259511911503635339572134766415347065755039048680353 
200752016869304757445281589243897224119501646587373935459980740973437666198 
217479249285910023453392141936936882983688506055975911164541715006349651144 
170147614585598498537947463692674765594492138427009963190339598499151248545 
66098054509248501002386202050888133345648497169835348742210852877699062433 
172524146045235716198974233061481574977437393527850794894658551716383559849 
66098054509248501002386202050888133345648497169835348742210852877699062433 
134491701904562972905319275304701102799824851725084488626176829240947305540 
280318937125396936109761131554506135479151124517556387586819802449155132593 
