126002482061919424594630622065966587338788122241451816832320080399508269451 
126002482061919424594630622065966587338788122241451816832320080399508269451 
139648075673518759110208516371102237373825459198590332324824686962007291273 
301794883272914793133098988904174633851625731758301703307097057735343238647 
1019720660583873996690399575133423779154218255274441439768900088282236975876 
646301339879594854067987439244826684523256457657352230869822648413263279138 
844608497901338348577013585910240136143579292837355972233602818601441829617 
223122198240737886783022925945326557664632490925177743570349450674873219846 
1013464007926131177494736512218890019148648903694423845396996818829934915471 
1283339304819486551237691848448364573712278254636163174520658070989357626870 
177864363176253275942307275891913005679033749096694026438486668267574710426 
1013464007926131177494736512218890019148648903694423845396996818829934915471 
1547310186155815376880963484314184775389861447474712337591685350987853060819 
223122198240737886783022925945326557664632490925177743570349450674873219846 
844608497901338348577013585910240136143579292837355972233602818601441829617 
292155559319725416019754825650278478963946227343648511653726420139551172737 
