279859951196551685294326169377605391760676308729791633315899149527181774151 
305689321800973137059293488212041044757137469828908348715958387585558787542 
16286539387543916840721292985417731388150509682375844063283947610863764311 
113507914337521451050635410892592902846047017943071377746585704799625110306 
321849695907115595370165639547758016513225253063301491147863464743273655647 
363785377865934693485728439700459500656126729840907235025165330092105972510 
341739919377782201643974028578870008751584429379430043606726858566298413053 
129790373746318340186632208662992475094484965322880794746770371700605152543 
321849695907115595370165639547758016513225253063301491147863464743273655647 
305689321800973137059293488212041044757137469828908348715958387585558787542 
363785377865934693485728439700459500656126729840907235025165330092105972510 
113507914337521451050635410892592902846047017943071377746585704799625110306 
363785377865934693485728439700459500656126729840907235025165330092105972510 
281168511704837838121884493430633303134549449456659414945969751593970099422 
279859951196551685294326169377605391760676308729791633315899149527181774151 
379922300292802613254081432836455664033415283493644463191996176443627223177 
